17TXT  	
                                                  	
00	
1032.1500, -46.940
1032.1540, -46.120
1032.1580, -46.052
1032.1620, -45.651
1032.1660, -47.576
1032.1700, -46.016
1032.1740, -46.551
1032.1780, -45.237
1032.1820, -45.507
1032.1860, -45.224
1032.1900, -45.904
1032.1940, -45.732
1032.1980, -45.586
1032.2020, -45.820
1032.2060, -46.130
1032.2100, -45.243
1032.2140, -44.956
1032.2180, -45.373
1032.2220, -44.845
1032.2260, -44.968
1032.2300, -45.050
1032.2340, -45.029
1032.2380, -44.539
1032.2420, -44.199
1032.2460, -44.601
1032.2500, -44.056
1032.2540, -44.535
1032.2580, -44.539
1032.2620, -44.609
1032.2660, -44.199
1032.2700, -44.976
1032.2740, -44.706
1032.2780, -44.189
1032.2820, -44.020
1032.2860, -44.145
1032.2900, -44.485
1032.2940, -43.502
1032.2980, -44.178
1032.3020, -43.490
1032.3060, -43.583
1032.3100, -43.781
1032.3140, -44.948
1032.3180, -44.385
1032.3220, -43.525
1032.3260, -43.645
1032.3300, -43.672
1032.3340, -43.355
1032.3380, -43.445
1032.3420, -43.122
1032.3460, -43.830
1032.3500, -43.589
1032.3540, -43.374
1032.3580, -43.327
1032.3620, -43.086
1032.3660, -43.416
1032.3700, -43.589
1032.3740, -43.173
1032.3780, -43.316
1032.3820, -43.768
1032.3860, -43.091
1032.3900, -42.911
1032.3940, -42.904
1032.3980, -43.311
1032.4020, -43.672
1032.4060, -43.256
1032.4100, -43.283
1032.4140, -42.710
1032.4180, -43.114
1032.4220, -42.544
1032.4260, -42.754
1032.4300, -43.264
1032.4340, -43.280
1032.4380, -42.899
1032.4420, -42.756
1032.4460, -42.606
1032.4500, -42.421
1032.4540, -42.469
1032.4580, -43.288
1032.4620, -42.959
1032.4660, -42.754
1032.4700, -43.252
1032.4740, -43.304
1032.4780, -43.231
1032.4820, -43.231
1032.4860, -43.015
1032.4900, -42.678
1032.4940, -43.201
1032.4980, -43.233
1032.5020, -43.069
1032.5060, -43.782
1032.5100, -42.839
1032.5140, -43.393
1032.5180, -42.623
1032.5220, -43.277
1032.5260, -42.909
1032.5300, -42.805
1032.5340, -42.947
1032.5380, -42.456
1032.5420, -42.803
1032.5460, -42.817
1032.5500, -43.223
1032.5540, -43.255
1032.5580, -42.995
1032.5620, -42.939
1032.5660, -43.124
1032.5700, -42.954
1032.5740, -43.332
1032.5780, -42.877
1032.5820, -42.857
1032.5860, -43.180
1032.5900, -43.368
1032.5940, -43.424
1032.5980, -43.766
1032.6020, -43.225
1032.6060, -43.426
1032.6100, -43.255
1032.6140, -43.404
1032.6180, -43.404
1032.6220, -43.503
1032.6260, -44.185
1032.6300, -43.538
1032.6340, -44.575
1032.6380, -44.050
1032.6420, -44.030
1032.6460, -43.800
1032.6500, -44.092
1032.6540, -44.076
1032.6580, -44.966
1032.6620, -44.072
1032.6660, -44.360
1032.6700, -44.801
1032.6740, -44.751
1032.6780, -44.686
1032.6820, -44.381
1032.6860, -44.824
1032.6900, -44.994
1032.6940, -44.656
1032.6980, -44.914
1032.7020, -45.007
1032.7060, -46.300
1032.7100, -45.433
1032.7140, -45.082
1032.7180, -45.203
1032.7220, -44.996
1032.7260, -45.115
1032.7300, -44.976
1032.7340, -45.420
1032.7380, -45.939
1032.7420, -45.787
1032.7460, -46.289
1032.7500, -48.007
1032.7540, -45.358
1032.7580, -46.192
1032.7620, -47.363
1032.7660, -46.214
1032.7700, -46.945
1032.7740, -46.501
1032.7780, -46.518
1032.7820, -48.282
1032.7860, -46.587
1032.7900, -47.047
1032.7940, -46.484
1032.7980, -46.711
1032.8020, -47.246
1032.8060, -47.584
1032.8100, -47.192
1032.8140, -49.586
1032.8180, -48.088
1032.8220, -48.612
1032.8260, -48.990
1032.8300, -53.947
1032.8340, -49.187
1032.8380, -51.249
1032.8420, -51.405
1032.8460, -52.909
1032.8500, -50.558
1032.8540, -55.402
1032.8580, -52.348
1032.8620, -61.512
1032.8660, -50.705
1032.8700, -51.082
1032.8740, -53.036
1032.8780, -51.318
1032.8820, -53.355
1032.8860,-210.000
1032.8900, -57.054
1032.8940, -53.947
1032.8980,-210.000
1032.9020,-210.000
1032.9060,-210.000
1032.9100,-210.000
1032.9140, -62.762
1032.9180,-210.000
1032.9220,-210.000
1032.9260,-210.000
1032.9300,-210.000
1032.9340,-210.000
1032.9380, -59.294
1032.9420,-210.000
1032.9460,-210.000
1032.9500,-210.000
1032.9540,-210.000
1032.9580,-210.000
1032.9620,-210.000
1032.9660,-210.000
1032.9700,-210.000
1032.9740,-210.000
1032.9780,-210.000
1032.9820,-210.000
1032.9860,-210.000
1032.9900,-210.000
1032.9940,-210.000
1032.9980,-210.000
1033.0020,-210.000
1033.0060,-210.000
1033.0100,-210.000
1033.0140,-210.000
1033.0180,-210.000
1033.0220,-210.000
1033.0260,-210.000
1033.0300,-210.000
1033.0340,-210.000
1033.0380,-210.000
1033.0420,-210.000
1033.0460,-210.000
1033.0500,-210.000
1033.0540,-210.000
1033.0580,-210.000
1033.0620,-210.000
1033.0660,-210.000
1033.0700,-210.000
1033.0740,-210.000
1033.0780,-210.000
1033.0820,-210.000
1033.0860,-210.000
1033.0900,-210.000
1033.0940,-210.000
1033.0980,-210.000
1033.1020,-210.000
1033.1060,-210.000
1033.1100,-210.000
1033.1140,-210.000
1033.1180,-210.000
1033.1220,-210.000
1033.1260,-210.000
1033.1300,-210.000
1033.1340,-210.000
1033.1380,-210.000
1033.1420,-210.000
1033.1460,-210.000
1033.1500,-210.000
1033.1540,-210.000
1033.1580,-210.000
1033.1620,-210.000
1033.1660,-210.000
1033.1700,-210.000
1033.1740,-210.000
1033.1780,-210.000
1033.1820,-210.000
1033.1860,-210.000
1033.1900,-210.000
1033.1940,-210.000
1033.1980,-210.000
1033.2020,-210.000
1033.2060,-210.000
1033.2100,-210.000
1033.2140,-210.000
1033.2180,-210.000
1033.2220,-210.000
1033.2260,-210.000
1033.2300,-210.000
1033.2340,-210.000
1033.2380,-210.000
1033.2420,-210.000
1033.2460,-210.000
1033.2500,-210.000
1033.2540,-210.000
1033.2580,-210.000
1033.2620,-210.000
1033.2660,-210.000
1033.2700,-210.000
1033.2740, -54.296
1033.2780,-210.000
1033.2820,-210.000
1033.2860,-210.000
1033.2900,-210.000
1033.2940,-210.000
1033.2980,-210.000
1033.3020,-210.000
1033.3060,-210.000
1033.3100,-210.000
1033.3140,-210.000
1033.3180,-210.000
1033.3220, -55.744
1033.3260,-210.000
1033.3300,-210.000
1033.3340,-210.000
1033.3380, -57.273
1033.3420,-210.000
1033.3460,-210.000
1033.3500, -57.205
1033.3540,-210.000
1033.3580, -57.341
1033.3620, -54.804
1033.3660, -51.053
1033.3700, -51.338
1033.3740, -50.379
1033.3780,-210.000
1033.3820, -52.217
1033.3860, -52.390
1033.3900, -51.053
1033.3940, -52.782
1033.3980, -49.457
1033.4020, -57.931
1033.4060, -49.175
1033.4100, -53.348
1033.4140, -51.550
1033.4180, -49.281
1033.4220, -49.133
1033.4260, -50.607
1033.4300, -50.229
1033.4340, -49.571
1033.4380, -49.881
1033.4420, -49.700
1033.4460, -51.069
1033.4500, -48.773
1033.4540, -49.941
1033.4580, -48.532
1033.4620, -49.467
1033.4660, -48.861
1033.4700, -49.238
1033.4740, -47.175
1033.4780, -46.652
1033.4820, -48.478
1033.4860, -49.030
1033.4900, -48.110
1033.4940, -48.478
1033.4980, -47.695
1033.5020, -48.294
1033.5060, -47.064
1033.5100, -47.435
1033.5140, -47.051
1033.5180, -47.463
1033.5220, -46.765
1033.5260, -47.996
1033.5300, -47.222
1033.5340, -48.110
1033.5380, -47.548
1033.5420, -47.372
1033.5460, -47.695
1033.5500, -48.698
1033.5540, -46.962
1033.5580, -48.346
1033.5620, -48.651
1033.5660, -46.814
1033.5700, -46.396
1033.5740, -47.222
1033.5780, -47.463
1033.5820, -47.393
1033.5860, -46.175
1033.5900, -45.517
1033.5940, -47.317
1033.5980, -45.388
1033.6020, -46.128
1033.6060, -47.195
1033.6100, -46.385
1033.6140, -46.368
1033.6180, -45.754
1033.6220, -45.083
1033.6260, -46.096
1033.6300, -45.357
1033.6340, -46.789
1033.6380, -45.650
1033.6420, -45.366
1033.6460, -45.846
1033.6500, -46.741
1033.6540, -46.138
1033.6580, -46.474
1033.6620, -46.030
1033.6660, -45.735
1033.6700, -45.042
1033.6740, -45.392
1033.6780, -44.707
1033.6820, -45.609
1033.6860, -44.814
1033.6900, -44.481
1033.6940, -44.499
1033.6980, -44.474
1033.7020, -45.807
1033.7060, -45.012
1033.7100, -44.074
1033.7140, -45.702
1033.7180, -45.420
1033.7220, -45.487
1033.7260, -44.909
1033.7300, -44.466
1033.7340, -44.424
1033.7380, -44.327
1033.7420, -44.090
1033.7460, -43.953
1033.7500, -44.516
1033.7540, -44.566
1033.7580, -43.768
1033.7620, -44.225
1033.7660, -44.502
1033.7700, -43.643
1033.7740, -43.875
1033.7780, -44.155
1033.7820, -43.978
1033.7860, -43.596
1033.7900, -42.922
1033.7940, -43.890
1033.7980, -44.093
1033.8020, -43.887
1033.8060, -43.931
1033.8100, -43.156
1033.8140, -43.539
1033.8180, -43.382
1033.8220, -43.887
1033.8260, -43.545
1033.8300, -43.360
1033.8340, -43.565
1033.8380, -43.019
1033.8420, -42.704
1033.8460, -43.351
1033.8500, -43.278
1033.8540, -43.198
1033.8580, -43.148
1033.8620, -42.785
1033.8660, -42.578
1033.8700, -42.730
1033.8740, -42.838
1033.8780, -42.794
1033.8820, -43.499
1033.8860, -42.987
1033.8900, -42.971
1033.8940, -42.823
1033.8980, -42.377
1033.9020, -42.766
1033.9060, -42.461
1033.9100, -42.673
1033.9140, -42.601
1033.9180, -42.553
1033.9220, -42.565
1033.9260, -42.673
1033.9300, -42.303
1033.9340, -42.671
1033.9380, -42.592
1033.9420, -42.425
1033.9460, -42.452
1033.9500, -42.091
1033.9540, -42.122
1033.9580, -42.324
1033.9620, -42.561
1033.9660, -42.140
1033.9700, -42.740
1033.9740, -42.482
1033.9780, -42.180
1033.9820, -42.429
1033.9860, -42.440
1033.9900, -42.802
1033.9940, -42.262
1033.9980, -42.367
1034.0020, -42.234
1034.0060, -42.209
1034.0100, -42.050
1034.0140, -41.994
1034.0180, -42.591
1034.0220, -42.028
1034.0260, -42.016
1034.0300, -42.226
1034.0340, -42.118
1034.0380, -42.335
1034.0420, -42.437
1034.0460, -42.262
1034.0500, -42.144
1034.0540, -42.404
1034.0580, -42.568
1034.0620, -41.818
1034.0660, -41.990
1034.0700, -42.283
1034.0740, -42.795
1034.0780, -42.081
1034.0820, -42.595
1034.0860, -42.268
1034.0900, -42.369
1034.0940, -42.502
1034.0980, -42.279
1034.1020, -42.201
1034.1060, -42.367
1034.1100, -43.093
1034.1140, -42.002
1034.1180, -42.639
1034.1220, -42.413
1034.1260, -42.491
1034.1300, -43.104
1034.1340, -42.279
1034.1380, -43.171
1034.1420, -42.783
1034.1460, -42.695
1034.1500, -42.792
1034.1540, -42.493
1034.1580, -43.161
1034.1620, -43.383
1034.1660, -43.007
1034.1700, -42.518
1034.1740, -42.651
1034.1780, -42.997
1034.1820, -42.895
1034.1860, -43.137
1034.1900, -43.772
1034.1940, -43.166
1034.1980, -43.375
1034.2020, -44.061
1034.2060, -43.017
1034.2100, -43.991
1034.2140, -43.279
1034.2180, -43.824
1034.2220, -43.985
1034.2260, -43.888
1034.2300, -44.123
1034.2340, -44.074
1034.2380, -43.995
1034.2420, -44.120
1034.2460, -43.818
1034.2500, -44.593
1034.2540, -44.656
1034.2580, -44.608
1034.2620, -44.405
1034.2660, -44.419
1034.2700, -44.851
1034.2740, -45.722
1034.2780, -44.409
1034.2820, -44.367
1034.2860, -45.994
1034.2900, -45.930
1034.2940, -45.930
1034.2980, -46.300
1034.3020, -45.543
1034.3060, -45.847
1034.3100, -46.442
1034.3140, -45.396
1034.3180, -47.107
1034.3220, -47.011
1034.3260, -47.528
1034.3300, -46.561
1034.3340, -46.942
1034.3380, -46.980
1034.3420, -47.507
1034.3460, -49.247
1034.3500, -47.755
1034.3540, -47.347
1034.3580, -47.094
1034.3620, -48.681
1034.3660, -50.337
1034.3700, -49.111
1034.3740, -49.716
1034.3780, -53.044
1034.3820, -54.269
1034.3860, -50.163
1034.3900, -50.618
1034.3940, -49.050
1034.3980, -50.202
1034.4020, -54.235
1034.4060, -51.045
1034.4100, -56.862
1034.4140, -59.354
1034.4180, -51.326
1034.4220, -54.103
1034.4260, -61.950
1034.4300,-210.000
1034.4340, -56.862
1034.4380, -56.080
1034.4420, -52.070
1034.4460, -51.465
1034.4500,-210.000
1034.4540, -64.593
1034.4580, -55.214
1034.4620,-210.000
1034.4660, -56.751
1034.4700,-210.000
1034.4740, -50.252
1034.4780, -67.603
1034.4820, -64.971
1034.4860,-210.000
1034.4900, -53.316
1034.4940, -53.183
1034.4980, -56.408
1034.5020, -58.395
1034.5060, -52.856
1034.5100, -53.801
1034.5140, -53.481
1034.5180, -59.050
1034.5220, -55.010
1034.5260, -52.760
1034.5300, -66.933
1034.5340, -60.913
1034.5380, -58.395
1034.5420, -53.711
1034.5460, -68.395
1034.5500, -53.157
1034.5540, -53.004
1034.5580, -48.691
1034.5620, -53.289
1034.5660, -48.309
1034.5700, -48.795
1034.5740, -49.809
1034.5780, -51.901
1034.5820, -49.762
1034.5860, -47.705
1034.5900, -47.735
1034.5940, -48.421
1034.5980, -49.111
1034.6020, -46.571
1034.6060, -48.069
1034.6100, -46.220
1034.6140, -45.751
1034.6180, -45.584
1034.6220, -45.794
1034.6260, -45.630
1034.6300, -45.389
1034.6340, -45.294
1034.6380, -44.567
1034.6420, -44.885
1034.6460, -44.388
1034.6500, -44.117
1034.6540, -44.549
1034.6580, -44.014
1034.6620, -43.865
1034.6660, -43.726
1034.6700, -43.417
1034.6740, -43.189
1034.6780, -42.563
1034.6820, -42.767
1034.6860, -42.708
1034.6900, -42.724
1034.6940, -41.884
1034.6980, -42.210
1034.7020, -41.919
1034.7060, -41.669
1034.7100, -41.842
1034.7140, -41.601
1034.7180, -41.326
1034.7220, -41.050
1034.7260, -40.766
1034.7300, -40.858
1034.7340, -40.534
1034.7380, -40.567
1034.7420, -40.464
1034.7460, -39.834
1034.7500, -40.173
1034.7540, -39.953
1034.7580, -40.148
1034.7620, -39.819
1034.7660, -39.589
1034.7700, -39.557
1034.7740, -39.427
1034.7780, -39.660
1034.7820, -39.214
1034.7860, -39.086
1034.7900, -38.940
1034.7940, -38.764
1034.7980, -38.636
1034.8020, -38.711
1034.8060, -38.509
1034.8100, -38.439
1034.8140, -38.332
1034.8180, -38.516
1034.8220, -38.397
1034.8260, -38.268
1034.8300, -38.148
1034.8340, -38.031
1034.8380, -37.836
1034.8420, -37.688
1034.8460, -37.768
1034.8500, -37.889
1034.8540, -37.669
1034.8580, -37.579
1034.8620, -37.509
1034.8660, -37.291
1034.8700, -37.257
1034.8740, -37.250
1034.8780, -37.216
1034.8820, -37.145
1034.8860, -37.090
1034.8900, -36.976
1034.8940, -37.033
1034.8980, -36.848
1034.9020, -36.793
1034.9060, -36.736
1034.9100, -36.526
1034.9140, -36.504
1034.9180, -36.637
1034.9220, -36.637
1034.9260, -36.418
1034.9300, -36.466
1034.9340, -36.361
1034.9380, -36.324
1034.9420, -36.328
1034.9460, -36.256
1034.9500, -36.146
1034.9540, -36.206
1034.9580, -36.172
1034.9620, -35.986
1034.9660, -36.018
1034.9700, -35.883
1034.9740, -35.845
1034.9780, -35.989
1034.9820, -35.722
1034.9860, -35.794
1034.9900, -35.710
1034.9940, -35.643
1034.9980, -35.661
1035.0020, -35.604
1035.0060, -35.600
1035.0100, -35.478
1035.0140, -35.479
1035.0180, -35.472
1035.0220, -35.500
1035.0260, -35.516
1035.0300, -35.354
1035.0340, -35.437
1035.0380, -35.456
1035.0420, -35.335
1035.0460, -35.364
1035.0500, -35.241
1035.0540, -35.298
1035.0580, -35.284
1035.0620, -35.208
1035.0660, -35.223
1035.0700, -35.159
1035.0740, -35.224
1035.0780, -35.110
1035.0820, -35.171
1035.0860, -35.131
1035.0900, -35.126
1035.0940, -35.156
1035.0980, -35.177
1035.1020, -35.154
1035.1060, -35.100
1035.1100, -35.105
1035.1140, -35.172
1035.1180, -35.042
1035.1220, -35.124
1035.1260, -35.041
1035.1300, -35.100
1035.1340, -35.073
1035.1380, -35.062
1035.1420, -35.137
1035.1460, -35.194
1035.1500, -35.142
1035.1540, -35.145
1035.1580, -35.051
1035.1620, -35.134
1035.1660, -35.137
1035.1700, -35.178
1035.1740, -35.123
1035.1780, -35.077
1035.1820, -35.158
1035.1860, -35.155
1035.1900, -35.181
1035.1940, -35.131
1035.1980, -35.154
1035.2020, -35.117
1035.2060, -35.198
1035.2100, -35.126
1035.2140, -35.207
1035.2180, -35.149
1035.2220, -35.227
1035.2260, -35.235
1035.2300, -35.148
1035.2340, -35.322
1035.2380, -35.374
1035.2420, -35.386
1035.2460, -35.387
1035.2500, -35.385
1035.2540, -35.381
1035.2580, -35.421
1035.2620, -35.383
1035.2660, -35.364
1035.2700, -35.509
1035.2740, -35.393
1035.2780, -35.505
1035.2820, -35.494
1035.2860, -35.543
1035.2900, -35.547
1035.2940, -35.701
1035.2980, -35.695
1035.3020, -35.701
1035.3060, -35.687
1035.3100, -35.669
1035.3140, -35.691
1035.3180, -35.778
1035.3220, -35.776
1035.3260, -35.761
1035.3300, -35.778
1035.3340, -35.935
1035.3380, -35.886
1035.3420, -35.989
1035.3460, -35.917
1035.3500, -36.072
1035.3540, -36.067
1035.3580, -36.075
1035.3620, -36.126
1035.3660, -36.161
1035.3700, -36.169
1035.3740, -36.342
1035.3780, -36.410
1035.3820, -36.330
1035.3860, -36.368
1035.3900, -36.445
1035.3940, -36.449
1035.3980, -36.525
1035.4020, -36.470
1035.4060, -36.450
1035.4100, -36.526
1035.4140, -36.614
1035.4180, -36.644
1035.4220, -36.775
1035.4260, -36.698
1035.4300, -36.900
1035.4340, -36.916
1035.4380, -36.927
1035.4420, -36.868
1035.4460, -37.084
1035.4500, -36.991
1035.4540, -37.114
1035.4580, -37.217
1035.4620, -37.336
1035.4660, -37.263
1035.4700, -37.238
1035.4740, -37.467
1035.4780, -37.405
1035.4820, -37.467
1035.4860, -37.610
1035.4900, -37.500
1035.4940, -37.650
1035.4980, -37.687
1035.5020, -37.758
1035.5060, -37.744
1035.5100, -37.710
1035.5140, -37.847
1035.5180, -37.995
1035.5220, -37.997
1035.5260, -38.010
1035.5300, -37.979
1035.5340, -38.125
1035.5380, -38.110
1035.5420, -38.464
1035.5460, -38.268
1035.5500, -38.412
1035.5540, -38.591
1035.5580, -38.426
1035.5620, -38.332
1035.5660, -38.421
1035.5700, -38.688
1035.5740, -38.700
1035.5780, -38.785
1035.5820, -38.631
1035.5860, -38.612
1035.5900, -38.704
1035.5940, -38.766
1035.5980, -38.927
1035.6020, -38.836
1035.6060, -38.987
1035.6100, -38.922
1035.6140, -38.888
1035.6180, -39.094
1035.6220, -39.081
1035.6260, -39.107
1035.6300, -39.361
1035.6340, -39.156
1035.6380, -39.396
1035.6420, -39.534
1035.6460, -39.578
1035.6500, -39.384
1035.6540, -39.437
1035.6580, -39.589
1035.6620, -39.399
1035.6660, -39.727
1035.6700, -39.778
1035.6740, -39.609
1035.6780, -39.437
1035.6820, -39.976
1035.6860, -39.879
1035.6900, -39.905
1035.6940, -40.064
1035.6980, -39.824
1035.7020, -39.781
1035.7060, -40.068
1035.7100, -40.070
1035.7140, -40.009
1035.7180, -40.027
1035.7220, -40.179
1035.7260, -39.918
1035.7300, -40.037
1035.7340, -40.310
1035.7380, -40.107
1035.7420, -39.942
1035.7460, -40.190
1035.7500, -40.040
1035.7540, -40.037
1035.7580, -39.933
1035.7620, -40.310
1035.7660, -40.235
1035.7700, -40.319
1035.7740, -40.542
1035.7780, -40.355
1035.7820, -40.451
1035.7860, -40.543
1035.7900, -40.251
1035.7940, -40.395
1035.7980, -40.296
1035.8020, -40.535
1035.8060, -40.509
1035.8100, -40.668
1035.8140, -40.760
1035.8180, -40.750
1035.8220, -40.263
1035.8260, -40.636
1035.8300, -40.522
1035.8340, -40.462
1035.8380, -40.349
1035.8420, -40.864
1035.8460, -40.928
1035.8500, -40.614
1035.8540, -40.523
1035.8580, -40.713
1035.8620, -40.784
1035.8660, -40.597
1035.8700, -40.678
1035.8740, -40.982
1035.8780, -40.626
1035.8820, -40.762
1035.8860, -40.701
1035.8900, -40.868
1035.8940, -40.964
1035.8980, -40.726
1035.9020, -40.986
1035.9060, -40.826
1035.9100, -40.817
1035.9140, -40.719
1035.9180, -40.679
1035.9220, -41.023
1035.9260, -40.621
1035.9300, -40.634
1035.9340, -40.900
1035.9380, -40.739
1035.9420, -40.754
1035.9460, -41.045
1035.9500, -40.873
1035.9540, -40.859
1035.9580, -40.886
1035.9620, -40.949
1035.9660, -40.676
1035.9700, -40.788
1035.9740, -40.971
1035.9780, -40.903
1035.9820, -40.764
1035.9860, -40.716
1035.9900, -40.653
1035.9940, -41.076
1035.9980, -40.676
1036.0020, -40.732
1036.0060, -40.543
1036.0100, -40.850
1036.0140, -40.773
1036.0180, -40.713
1036.0220, -40.839
1036.0260, -40.794
1036.0300, -40.865
1036.0340, -40.929
1036.0380, -41.100
1036.0420, -40.985
1036.0460, -40.673
1036.0500, -40.901
1036.0540, -40.755
1036.0580, -40.639
1036.0620, -40.769
1036.0660, -40.584
1036.0700, -40.518
1036.0740, -40.593
1036.0780, -40.501
1036.0820, -40.542
1036.0860, -40.361
1036.0900, -40.633
1036.0940, -40.300
1036.0980, -40.194
1036.1020, -40.443
1036.1060, -40.406
1036.1100, -40.192
1036.1140, -40.380
1036.1180, -40.325
1036.1220, -40.054
1036.1260, -40.130
1036.1300, -39.971
1036.1340, -39.927
1036.1380, -40.280
1036.1420, -40.042
1036.1460, -40.001
1036.1500, -39.820
1036.1540, -39.899
1036.1580, -39.909
1036.1620, -39.707
1036.1660, -40.107
1036.1700, -39.846
1036.1740, -39.467
1036.1780, -39.437
1036.1820, -39.814
1036.1860, -39.546
1036.1900, -39.491
1036.1940, -39.384
1036.1980, -39.219
1036.2020, -39.262
1036.2060, -39.127
1036.2100, -39.378
1036.2140, -39.279
1036.2180, -39.062
1036.2220, -38.993
1036.2260, -38.933
1036.2300, -38.678
1036.2340, -38.816
1036.2380, -38.713
1036.2420, -38.688
1036.2460, -38.591
1036.2500, -38.558
1036.2540, -38.394
1036.2580, -38.417
1036.2620, -38.397
1036.2660, -38.304
1036.2700, -38.343
1036.2740, -38.309
1036.2780, -38.160
1036.2820, -38.034
1036.2860, -37.956
1036.2900, -37.871
1036.2940, -37.925
1036.2980, -37.701
1036.3020, -37.835
1036.3060, -37.825
1036.3100, -37.641
1036.3140, -37.549
1036.3180, -37.670
1036.3220, -37.549
1036.3260, -37.435
1036.3300, -37.348
1036.3340, -37.210
1036.3380, -37.240
1036.3420, -37.067
1036.3460, -37.079
1036.3500, -37.052
1036.3540, -37.014
1036.3580, -36.989
1036.3620, -36.826
1036.3660, -36.929
1036.3700, -36.615
1036.3740, -36.614
1036.3780, -36.704
1036.3820, -36.543
1036.3860, -36.531
1036.3900, -36.475
1036.3940, -36.392
1036.3980, -36.482
1036.4020, -36.335
1036.4060, -36.189
1036.4100, -36.225
1036.4140, -36.111
1036.4180, -35.974
1036.4220, -35.881
1036.4260, -35.904
1036.4300, -35.898
1036.4340, -35.697
1036.4380, -35.825
1036.4420, -35.675
1036.4460, -35.701
1036.4500, -35.454
1036.4540, -35.574
1036.4580, -35.495
1036.4620, -35.497
1036.4660, -35.341
1036.4700, -35.389
1036.4740, -35.275
1036.4780, -35.290
1036.4820, -35.147
1036.4860, -35.215
1036.4900, -35.114
1036.4940, -35.164
1036.4980, -35.115
1036.5020, -34.966
1036.5060, -34.916
1036.5100, -34.900
1036.5140, -34.899
1036.5180, -34.806
1036.5220, -34.842
1036.5260, -34.742
1036.5300, -34.578
1036.5340, -34.673
1036.5380, -34.645
1036.5420, -34.659
1036.5460, -34.552
1036.5500, -34.547
1036.5540, -34.518
1036.5580, -34.464
1036.5620, -34.468
1036.5660, -34.391
1036.5700, -34.383
1036.5740, -34.325
1036.5780, -34.332
1036.5820, -34.402
1036.5860, -34.292
1036.5900, -34.194
1036.5940, -34.134
1036.5980, -34.216
1036.6020, -34.129
1036.6060, -34.088
1036.6100, -34.107
1036.6140, -34.077
1036.6180, -33.997
1036.6220, -34.045
1036.6260, -34.033
1036.6300, -33.959
1036.6340, -33.908
1036.6380, -33.986
1036.6420, -33.975
1036.6460, -33.877
1036.6500, -33.884
1036.6540, -33.800
1036.6580, -33.790
1036.6620, -33.822
1036.6660, -33.850
1036.6700, -33.790
1036.6740, -33.805
1036.6780, -33.803
1036.6820, -33.744
1036.6860, -33.724
1036.6900, -33.712
1036.6940, -33.631
1036.6980, -33.761
1036.7020, -33.737
1036.7060, -33.691
1036.7100, -33.649
1036.7140, -33.681
1036.7180, -33.697
1036.7220, -33.709
1036.7260, -33.568
1036.7300, -33.662
1036.7340, -33.691
1036.7380, -33.603
1036.7420, -33.683
1036.7460, -33.626
1036.7500, -33.586
1036.7540, -33.637
1036.7580, -33.591
1036.7620, -33.685
1036.7660, -33.597
1036.7700, -33.686
1036.7740, -33.628
1036.7780, -33.675
1036.7820, -33.740
1036.7860, -33.641
1036.7900, -33.630
1036.7940, -33.727
1036.7980, -33.697
1036.8020, -33.734
1036.8060, -33.694
1036.8100, -33.715
1036.8140, -33.746
1036.8180, -33.744
1036.8220, -33.768
1036.8260, -33.736
1036.8300, -33.772
1036.8340, -33.780
1036.8380, -33.837
1036.8420, -33.857
1036.8460, -33.916
1036.8500, -33.823
1036.8540, -33.832
1036.8580, -33.861
1036.8620, -33.905
1036.8660, -33.981
1036.8700, -33.932
1036.8740, -33.950
1036.8780, -34.012
1036.8820, -34.045
1036.8860, -34.128
1036.8900, -34.096
1036.8940, -34.076
1036.8980, -34.129
1036.9020, -34.115
1036.9060, -34.187
1036.9100, -34.183
1036.9140, -34.319
1036.9180, -34.225
1036.9220, -34.245
1036.9260, -34.326
1036.9300, -34.448
1036.9340, -34.446
1036.9380, -34.415
1036.9420, -34.509
1036.9460, -34.513
1036.9500, -34.549
1036.9540, -34.638
1036.9580, -34.630
1036.9620, -34.669
1036.9660, -34.668
1036.9700, -34.796
1036.9740, -34.791
1036.9780, -34.918
1036.9820, -34.958
1036.9860, -34.922
1036.9900, -34.934
1036.9940, -35.114
1036.9980, -35.200
1037.0020, -35.075
1037.0060, -35.215
1037.0100, -35.228
1037.0140, -35.328
1037.0180, -35.316
1037.0220, -35.547
1037.0260, -35.552
1037.0300, -35.505
1037.0340, -35.639
1037.0380, -35.684
1037.0420, -35.614
1037.0460, -35.695
1037.0500, -35.833
1037.0540, -35.836
1037.0580, -36.016
1037.0620, -35.942
1037.0660, -36.104
1037.0700, -36.113
1037.0740, -36.244
1037.0780, -36.231
1037.0820, -36.368
1037.0860, -36.276
1037.0900, -36.430
1037.0940, -36.633
1037.0980, -36.660
1037.1020, -36.698
1037.1060, -36.869
1037.1100, -36.860
1037.1140, -36.888
1037.1180, -37.095
1037.1220, -37.098
1037.1260, -37.329
1037.1300, -37.239
1037.1340, -37.262
1037.1380, -37.371
1037.1420, -37.366
1037.1460, -37.439
1037.1500, -37.623
1037.1540, -37.694
1037.1580, -37.962
1037.1620, -37.932
1037.1660, -37.922
1037.1700, -38.264
1037.1740, -38.143
1037.1780, -38.306
1037.1820, -38.258
1037.1860, -38.483
1037.1900, -38.495
1037.1940, -38.554
1037.1980, -38.602
1037.2020, -38.802
1037.2060, -39.006
1037.2100, -39.190
1037.2140, -38.941
1037.2180, -39.523
1037.2220, -39.414
1037.2260, -39.370
1037.2300, -39.601
1037.2340, -39.507
1037.2380, -39.594
1037.2420, -39.592
1037.2460, -40.138
1037.2500, -39.784
1037.2540, -40.124
1037.2580, -40.343
1037.2620, -40.440
1037.2660, -40.351
1037.2700, -40.384
1037.2740, -40.467
1037.2780, -40.751
1037.2820, -40.797
1037.2860, -40.810
1037.2900, -41.182
1037.2940, -40.990
1037.2980, -41.208
1037.3020, -41.061
1037.3060, -41.477
1037.3100, -41.434
1037.3140, -41.517
1037.3180, -41.429
1037.3220, -41.968
1037.3260, -41.978
1037.3300, -41.932
1037.3340, -41.519
1037.3380, -41.897
1037.3420, -42.009
1037.3460, -42.009
1037.3500, -42.190
1037.3540, -42.316
1037.3580, -42.446
1037.3620, -41.996
1037.3660, -42.271
1037.3700, -42.457
1037.3740, -43.029
1037.3780, -42.571
1037.3820, -42.704
1037.3860, -42.472
1037.3900, -42.685
1037.3940, -42.600
1037.3980, -42.618
1037.4020, -43.286
1037.4060, -42.801
1037.4100, -42.704
1037.4140, -42.248
1037.4180, -42.949
1037.4220, -42.244
1037.4260, -42.622
1037.4300, -42.654
1037.4340, -42.395
1037.4380, -42.886
1037.4420, -42.910
1037.4460, -43.000
1037.4500, -42.542
1037.4540, -42.744
1037.4580, -42.576
1037.4620, -42.373
1037.4660, -42.128
1037.4700, -42.100
1037.4740, -42.308
1037.4780, -42.178
1037.4820, -42.272
1037.4860, -42.068
1037.4900, -42.235
1037.4940, -41.965
1037.4980, -42.052
1037.5020, -41.571
1037.5060, -41.864
1037.5100, -41.789
1037.5140, -41.808
1037.5180, -41.691
1037.5220, -41.712
1037.5260, -41.221
1037.5300, -41.335
1037.5340, -41.382
1037.5380, -41.087
1037.5420, -41.199
1037.5460, -40.867
1037.5500, -40.920
1037.5540, -41.165
1037.5580, -40.808
1037.5620, -40.902
1037.5660, -40.605
1037.5700, -40.805
1037.5740, -40.928
1037.5780, -40.412
1037.5820, -40.196
1037.5860, -40.164
1037.5900, -40.253
1037.5940, -40.552
1037.5980, -40.072
1037.6020, -40.040
1037.6060, -40.213
1037.6100, -39.854
1037.6140, -39.777
1037.6180, -40.020
1037.6220, -39.924
1037.6260, -39.928
1037.6300, -39.684
1037.6340, -39.441
1037.6380, -39.484
1037.6420, -39.485
1037.6460, -39.471
1037.6500, -39.462
1037.6540, -39.313
1037.6580, -39.296
1037.6620, -39.376
1037.6660, -39.415
1037.6700, -39.081
1037.6740, -39.052
1037.6780, -39.218
1037.6820, -38.856
1037.6860, -38.991
1037.6900, -39.163
1037.6940, -38.879
1037.6980, -38.759
1037.7020, -38.951
1037.7060, -38.854
1037.7100, -38.653
1037.7140, -38.724
1037.7180, -38.609
1037.7220, -38.850
1037.7260, -38.630
1037.7300, -38.611
1037.7340, -38.795
1037.7380, -38.530
1037.7420, -38.472
1037.7460, -38.579
1037.7500, -38.579
1037.7540, -38.577
1037.7580, -38.537
1037.7620, -38.355
1037.7660, -38.237
1037.7700, -38.366
1037.7740, -38.236
1037.7780, -38.191
1037.7820, -38.254
1037.7860, -38.210
1037.7900, -38.277
1037.7940, -38.312
1037.7980, -38.230
1037.8020, -37.956
1037.8060, -38.138
1037.8100, -38.097
1037.8140, -38.087
1037.8180, -38.165
1037.8220, -38.019
1037.8260, -38.147
1037.8300, -38.205
1037.8340, -38.037
1037.8380, -38.107
1037.8420, -38.074
1037.8460, -38.072
1037.8500, -38.058
1037.8540, -38.241
1037.8580, -38.112
1037.8620, -38.072
1037.8660, -38.089
1037.8700, -38.271
1037.8740, -38.143
1037.8780, -37.878
1037.8820, -38.207
1037.8860, -38.309
1037.8900, -38.212
1037.8940, -38.201
1037.8980, -38.111
1037.9020, -38.178
1037.9060, -38.144
1037.9100, -37.852
1037.9140, -38.098
1037.9180, -38.394
1037.9220, -38.176
1037.9260, -38.413
1037.9300, -38.309
1037.9340, -38.188
1037.9380, -38.204
1037.9420, -38.334
1037.9460, -38.419
1037.9500, -38.434
1037.9540, -38.560
1037.9580, -38.380
1037.9620, -38.540
1037.9660, -38.401
1037.9700, -38.596
1037.9740, -38.683
1037.9780, -38.478
1037.9820, -38.538
1037.9860, -38.430
1037.9900, -38.572
1037.9940, -38.631
1037.9980, -38.812
1038.0020, -38.537
1038.0060, -38.450
1038.0100, -38.841
1038.0140, -38.750
1038.0180, -38.809
1038.0220, -39.094
1038.0260, -39.024
1038.0300, -38.880
1038.0340, -39.151
1038.0380, -38.955
1038.0420, -38.951
1038.0460, -39.012
1038.0500, -39.158
1038.0540, -39.165
1038.0580, -39.172
1038.0620, -39.216
1038.0660, -39.342
1038.0700, -39.399
1038.0740, -39.467
1038.0780, -39.424
1038.0820, -39.425
1038.0860, -39.574
1038.0900, -39.587
1038.0940, -39.469
1038.0980, -39.718
1038.1020, -39.684
1038.1060, -39.900
1038.1100, -40.095
1038.1140, -39.786
1038.1180, -39.881
1038.1220, -40.051
1038.1260, -40.053
1038.1300, -40.095
1038.1340, -40.218
1038.1380, -40.212
1038.1420, -40.436
1038.1460, -40.331
1038.1500, -40.418
1038.1540, -40.463
1038.1580, -40.537
1038.1620, -40.489
1038.1660, -40.580
1038.1700, -40.628
1038.1740, -40.858
1038.1780, -41.123
1038.1820, -40.955
1038.1860, -40.983
1038.1900, -41.393
1038.1940, -41.219
1038.1980, -41.088
1038.2020, -41.256
1038.2060, -41.307
1038.2100, -41.555
1038.2140, -41.585
1038.2180, -41.473
1038.2220, -41.677
1038.2260, -42.096
1038.2300, -41.890
1038.2340, -42.146
1038.2380, -41.782
1038.2420, -42.284
1038.2460, -42.150
1038.2500, -42.075
1038.2540, -42.208
1038.2580, -41.710
1038.2620, -42.449
1038.2660, -42.401
1038.2700, -42.232
1038.2740, -42.344
1038.2780, -42.403
1038.2820, -42.931
1038.2860, -42.593
1038.2900, -42.960
1038.2940, -43.557
1038.2980, -42.955
1038.3020, -43.182
1038.3060, -42.902
1038.3100, -43.403
1038.3140, -43.235
1038.3180, -43.032
1038.3220, -43.986
1038.3260, -43.347
1038.3300, -43.084
1038.3340, -43.139
1038.3380, -44.192
1038.3420, -43.697
1038.3460, -43.549
1038.3500, -44.023
1038.3540, -43.644
1038.3580, -43.579
1038.3620, -44.094
1038.3660, -44.299
1038.3700, -44.497
1038.3740, -44.170
1038.3780, -43.798
1038.3820, -44.296
1038.3860, -44.392
1038.3900, -43.956
1038.3940, -44.395
1038.3980, -44.388
1038.4020, -44.725
1038.4060, -44.113
1038.4100, -44.276
1038.4140, -44.476
1038.4180, -43.697
1038.4220, -44.405
1038.4260, -44.218
1038.4300, -44.312
1038.4340, -44.538
1038.4380, -44.342
1038.4420, -44.176
1038.4460, -44.846
1038.4500, -44.113
1038.4540, -44.507
1038.4580, -44.098
1038.4620, -44.812
1038.4660, -44.625
1038.4700, -44.496
1038.4740, -43.999
1038.4780, -44.312
1038.4820, -44.142
1038.4860, -44.703
1038.4900, -44.425
1038.4940, -44.378
1038.4980, -44.432
1038.5020, -44.432
1038.5060, -44.653
1038.5100, -44.247
1038.5140, -44.650
1038.5180, -44.545
1038.5220, -44.790
1038.5260, -44.260
1038.5300, -44.823
1038.5340, -44.061
1038.5380, -44.123
1038.5420, -44.114
1038.5460, -44.732
1038.5500, -43.702
1038.5540, -44.479
1038.5580, -43.507
1038.5620, -44.551
1038.5660, -44.462
1038.5700, -44.155
1038.5740, -44.309
1038.5780, -44.761
1038.5820, -44.783
1038.5860, -44.653
1038.5900, -43.999
1038.5940, -45.031
1038.5980, -44.273
1038.6020, -43.612
1038.6060, -44.117
1038.6100, -43.912
1038.6140, -44.442
1038.6180, -43.719
1038.6220, -43.782
1038.6260, -43.745
1038.6300, -43.870
1038.6340, -43.349
1038.6380, -43.458
1038.6420, -43.250
1038.6460, -43.966
1038.6500, -43.972
1038.6540, -44.045
1038.6580, -43.742
1038.6620, -44.070
1038.6660, -43.800
1038.6700, -44.189
1038.6740, -43.510
1038.6780, -43.225
1038.6820, -44.309
1038.6860, -43.253
1038.6900, -43.867
1038.6940, -44.002
1038.6980, -43.794
1038.7020, -43.512
1038.7060, -43.449
1038.7100, -43.425
1038.7140, -43.772
1038.7180, -43.772
1038.7220, -42.910
1038.7260, -43.594
1038.7300, -43.415
1038.7340, -43.245
1038.7380, -43.949
1038.7420, -43.804
1038.7460, -43.836
1038.7500, -43.874
1038.7540, -43.333
1038.7580, -43.250
1038.7620, -42.989
1038.7660, -42.994
1038.7700, -43.164
1038.7740, -43.661
1038.7780, -43.857
1038.7820, -43.717
1038.7860, -43.511
1038.7900, -43.284
1038.7940, -43.672
1038.7980, -43.574
1038.8020, -44.015
1038.8060, -43.276
1038.8100, -43.627
1038.8140, -43.082
1038.8180, -43.588
1038.8220, -43.359
1038.8260, -43.613
1038.8300, -43.967
1038.8340, -43.658
1038.8380, -43.830
1038.8420, -43.818
1038.8460, -42.934
1038.8500, -43.775
1038.8540, -43.815
1038.8580, -43.700
1038.8620, -44.006
1038.8660, -44.395
1038.8700, -43.506
1038.8740, -43.630
1038.8780, -43.258
1038.8820, -44.196
1038.8860, -44.193
1038.8900, -44.177
1038.8940, -43.916
1038.8980, -44.099
1038.9020, -43.895
1038.9060, -43.740
1038.9100, -44.489
1038.9140, -43.913
1038.9180, -43.976
1038.9220, -43.715
1038.9260, -43.940
1038.9300, -43.892
1038.9340, -43.943
1038.9380, -44.863
1038.9420, -44.415
1038.9460, -44.579
1038.9500, -44.472
1038.9540, -44.865
1038.9580, -44.395
1038.9620, -44.781
1038.9660, -44.836
1038.9700, -44.963
1038.9740, -44.921
1038.9780, -45.212
1038.9820, -44.914
1038.9860, -45.511
1038.9900, -45.305
1038.9940, -45.413
1038.9980, -44.828
1039.0020, -46.134
1039.0060, -46.975
1039.0100, -45.705
1039.0140, -44.865
1039.0180, -45.426
1039.0220, -46.427
1039.0260, -46.322
1039.0300, -46.411
1039.0340, -46.012
1039.0380, -46.903
1039.0420, -45.563
1039.0460, -45.959
1039.0500, -46.540
1039.0540, -46.821
1039.0580, -47.210
1039.0620, -46.741
1039.0660, -48.993
1039.0700, -46.250
1039.0740, -46.194
1039.0780, -46.775
1039.0820, -46.821
1039.0860, -46.578
1039.0900, -47.520
1039.0940, -48.661
1039.0980, -46.650
1039.1020, -47.160
1039.1060, -47.540
1039.1100, -48.011
1039.1140, -48.080
1039.1180, -49.150
1039.1220, -47.631
1039.1260, -47.965
1039.1300, -48.042
1039.1340, -47.617
1039.1380, -51.789
1039.1420, -51.862
1039.1460, -50.077
1039.1500, -48.522
1039.1540, -48.769
1039.1580, -49.081
1039.1620, -51.083
1039.1660, -49.955
1039.1700, -48.565
1039.1740, -48.445
1039.1780, -49.090
1039.1820, -55.554
1039.1860, -49.160
1039.1900, -51.241
1039.1940, -58.394
1039.1980, -49.512
1039.2020, -51.956
1039.2060, -50.419
1039.2100, -50.161
1039.2140, -48.743
1039.2180, -50.665
1039.2220, -51.726
1039.2260, -49.003
1039.2300, -51.016
1039.2340, -55.436
1039.2380, -49.447
1039.2420, -50.881
1039.2460, -48.330
1039.2500, -51.062
1039.2540, -50.540
1039.2580, -49.281
1039.2620, -51.332
1039.2660, -51.817
1039.2700, -51.140
1039.2740, -48.946
1039.2780, -56.814
1039.2820, -51.299
1039.2860, -50.721
1039.2900, -53.085
1039.2940, -52.426
1039.2980, -51.235
1039.3020, -56.534
1039.3060, -49.301
1039.3100, -48.843
1039.3140, -49.699
1039.3180, -50.911
1039.3220, -49.013
1039.3260, -53.184
1039.3300, -47.669
1039.3340, -50.366
1039.3380, -48.779
1039.3420, -50.513
1039.3460, -49.013
1039.3500, -48.937
1039.3540, -50.136
1039.3580, -49.081
1039.3620, -50.237
1039.3660, -49.989
1039.3700, -49.260
1039.3740, -48.881
1039.3780, -52.121
1039.3820, -47.489
1039.3860, -48.463
1039.3900, -50.609
1039.3940, -48.281
1039.3980, -47.516
1039.4020, -47.655
1039.4060, -50.275
1039.4100, -48.532
1039.4140, -46.997
1039.4180, -46.316
1039.4220, -47.362
1039.4260, -47.550
1039.4300, -48.583
1039.4340, -45.348
1039.4380, -46.860
1039.4420, -47.076
1039.4460, -46.594
1039.4500, -47.095
1039.4540, -46.378
1039.4580, -46.544
1039.4620, -45.965
1039.4660, -45.756
1039.4700, -45.738
1039.4740, -45.793
1039.4780, -45.675
1039.4820, -46.071
1039.4860, -44.986
1039.4900, -44.830
1039.4940, -45.880
1039.4980, -45.455
1039.5020, -46.042
1039.5060, -44.388
1039.5100, -44.889
1039.5140, -44.837
1039.5180, -44.571
1039.5220, -44.567
1039.5260, -44.609
1039.5300, -44.310
1039.5340, -44.647
1039.5380, -44.323
1039.5420, -43.991
1039.5460, -44.003
1039.5500, -43.916
1039.5540, -44.679
1039.5580, -44.290
1039.5620, -43.682
1039.5660, -43.525
1039.5700, -43.558
1039.5740, -44.085
1039.5780, -43.337
1039.5820, -43.571
1039.5860, -43.262
1039.5900, -43.705
1039.5940, -43.080
1039.5980, -43.127
1039.6020, -43.068
1039.6060, -43.275
1039.6100, -42.900
1039.6140, -43.019
1039.6180, -42.504
1039.6220, -42.819
1039.6260, -42.455
1039.6300, -42.504
1039.6340, -42.392
1039.6380, -42.427
1039.6420, -42.499
1039.6460, -42.654
1039.6500, -42.828
1039.6540, -42.771
1039.6580, -42.381
1039.6620, -42.411
1039.6660, -42.390
1039.6700, -42.285
1039.6740, -41.980
1039.6780, -42.125
1039.6820, -41.776
1039.6860, -42.035
1039.6900, -41.658
1039.6940, -41.776
1039.6980, -41.518
1039.7020, -42.003
1039.7060, -42.013
1039.7100, -41.907
1039.7140, -41.686
1039.7180, -41.691
1039.7220, -41.879
1039.7260, -41.815
1039.7300, -41.716
1039.7340, -41.332
1039.7380, -41.718
1039.7420, -41.104
1039.7460, -41.279
1039.7500, -41.478
1039.7540, -41.105
1039.7580, -41.433
1039.7620, -41.013
1039.7660, -41.480
1039.7700, -41.104
1039.7740, -41.263
1039.7780, -40.977
1039.7820, -41.057
1039.7860, -41.093
1039.7900, -41.293
1039.7940, -40.899
1039.7980, -40.934
1039.8020, -40.934
1039.8060, -41.012
1039.8100, -40.863
1039.8140, -40.926
1039.8180, -40.675
1039.8220, -40.716
1039.8260, -40.661
1039.8300, -40.566
1039.8340, -40.818
1039.8380, -40.515
1039.8420, -40.495
1039.8460, -40.562
1039.8500, -40.399
1039.8540, -40.582
1039.8580, -40.426
1039.8620, -40.608
1039.8660, -40.639
1039.8700, -40.411
1039.8740, -40.593
1039.8780, -40.284
1039.8820, -40.505
1039.8860, -40.224
1039.8900, -40.518
1039.8940, -40.397
1039.8980, -40.342
1039.9020, -40.322
1039.9060, -40.572
1039.9100, -40.154
1039.9140, -40.464
1039.9180, -40.359
1039.9220, -40.058
1039.9260, -40.333
1039.9300, -40.194
1039.9340, -40.078
1039.9380, -40.161
1039.9420, -40.282
1039.9460, -40.151
1039.9500, -40.406
1039.9540, -40.108
1039.9580, -40.215
1039.9620, -39.994
1039.9660, -40.350
1039.9700, -40.103
1039.9740, -40.225
1039.9780, -40.244
1039.9820, -40.048
1039.9860, -40.128
1039.9900, -40.000
1039.9940, -39.976
1039.9980, -40.197
1040.0020, -40.090
1040.0060, -40.064
1040.0100, -39.806
1040.0140, -39.997
1040.0180, -39.997
1040.0220, -40.191
1040.0260, -39.937
1040.0300, -40.070
1040.0340, -40.015
1040.0380, -39.934
1040.0420, -39.882
1040.0460, -39.839
1040.0500, -39.923
1040.0540, -39.750
1040.0580, -39.989
1040.0620, -39.843
1040.0660, -40.093
1040.0700, -39.795
1040.0740, -39.816
1040.0780, -40.239
1040.0820, -40.153
1040.0860, -39.813
1040.0900, -39.890
1040.0940, -40.146
1040.0980, -40.033
1040.1020, -39.742
1040.1060, -39.866
1040.1100, -40.082
1040.1140, -39.947
1040.1180, -39.936
1040.1220, -39.954
1040.1260, -39.938
1040.1300, -39.745
1040.1340, -40.024
1040.1380, -39.682
1040.1420, -40.081
1040.1460, -39.904
1040.1500, -40.010
1040.1540, -39.895
1040.1580, -39.849
1040.1620, -39.923
1040.1660, -40.007
1040.1700, -39.956
1040.1740, -39.968
1040.1780, -40.106
1040.1820, -39.879
1040.1860, -39.848
1040.1900, -39.851
1040.1940, -39.873
1040.1980, -39.859
1040.2020, -40.077
1040.2060, -40.267
1040.2100, -40.023
1040.2140, -39.885
1040.2180, -40.141
1040.2220, -39.683
1040.2260, -40.039
1040.2300, -39.854
1040.2340, -39.868
1040.2380, -40.154
1040.2420, -39.842
1040.2460, -39.800
1040.2500, -39.938
1040.2540, -39.918
1040.2580, -39.913
1040.2620, -39.858
1040.2660, -39.689
1040.2700, -39.933
1040.2740, -40.033
1040.2780, -40.114
1040.2820, -40.026
1040.2860, -39.900
1040.2900, -40.019
1040.2940, -40.045
1040.2980, -39.780
1040.3020, -40.055
1040.3060, -39.668
1040.3100, -39.982
1040.3140, -39.976
1040.3180, -40.081
1040.3220, -39.947
1040.3260, -40.039
1040.3300, -39.818
1040.3340, -39.999
1040.3380, -40.199
1040.3420, -40.207
1040.3460, -39.854
1040.3500, -40.278
1040.3540, -40.017
1040.3580, -40.097
1040.3620, -40.201
1040.3660, -39.947
1040.3700, -40.155
1040.3740, -39.906
1040.3780, -40.328
1040.3820, -40.092
1040.3860, -40.305
1040.3900, -40.138
1040.3940, -40.450
1040.3980, -40.236
1040.4020, -40.300
1040.4060, -40.363
1040.4100, -40.571
1040.4140, -40.407
1040.4180, -40.549
1040.4220, -40.383
1040.4260, -40.467
1040.4300, -40.337
1040.4340, -40.504
1040.4380, -40.549
1040.4420, -40.541
1040.4460, -40.545
1040.4500, -40.390
1040.4540, -40.427
1040.4580, -40.830
1040.4620, -40.480
1040.4660, -40.631
1040.4700, -40.713
1040.4740, -41.011
1040.4780, -40.358
1040.4820, -40.749
1040.4860, -40.830
1040.4900, -40.481
1040.4940, -40.624
1040.4980, -40.830
1040.5020, -40.634
1040.5060, -40.709
1040.5100, -40.899
1040.5140, -40.781
1040.5180, -40.964
1040.5220, -40.877
1040.5260, -40.987
1040.5300, -40.835
1040.5340, -40.753
1040.5380, -41.043
1040.5420, -40.962
1040.5460, -41.007
1040.5500, -41.208
1040.5540, -41.436
1040.5580, -41.221
1040.5620, -41.382
1040.5660, -41.286
1040.5700, -40.974
1040.5740, -41.340
1040.5780, -41.544
1040.5820, -41.060
1040.5860, -41.420
1040.5900, -41.216
1040.5940, -41.319
1040.5980, -41.357
1040.6020, -41.077
1040.6060, -41.357
1040.6100, -41.721
1040.6140, -41.630
1040.6180, -41.703
1040.6220, -41.466
1040.6260, -41.537
1040.6300, -41.344
1040.6340, -41.702
1040.6380, -41.999
1040.6420, -41.825
1040.6460, -42.068
1040.6500, -42.135
1040.6540, -41.834
1040.6580, -41.830
1040.6620, -41.896
1040.6660, -41.767
1040.6700, -42.100
1040.6740, -41.950
1040.6780, -42.314
1040.6820, -42.240
1040.6860, -42.009
1040.6900, -42.070
1040.6940, -42.316
1040.6980, -42.357
1040.7020, -42.250
1040.7060, -42.988
1040.7100, -42.260
1040.7140, -42.355
1040.7180, -42.603
1040.7220, -42.558
1040.7260, -42.292
1040.7300, -42.577
1040.7340, -42.625
1040.7380, -42.998
1040.7420, -42.796
1040.7460, -42.794
1040.7500, -43.194
1040.7540, -42.731
1040.7580, -43.371
1040.7620, -43.315
1040.7660, -43.017
1040.7700, -43.115
1040.7740, -42.976
1040.7780, -43.696
1040.7820, -43.142
1040.7860, -43.447
1040.7900, -43.581
1040.7940, -43.197
1040.7980, -43.442
1040.8020, -43.328
1040.8060, -43.147
1040.8100, -43.685
1040.8140, -43.866
1040.8180, -43.591
1040.8220, -44.095
1040.8260, -43.755
1040.8300, -43.835
1040.8340, -43.487
1040.8380, -43.179
1040.8420, -43.682
1040.8460, -43.775
1040.8500, -43.910
1040.8540, -44.318
1040.8580, -43.287
1040.8620, -44.002
1040.8660, -43.795
1040.8700, -44.014
1040.8740, -43.987
1040.8780, -43.797
1040.8820, -44.331
1040.8860, -43.610
1040.8900, -44.279
1040.8940, -43.338
1040.8980, -44.032
1040.9020, -44.887
1040.9060, -43.907
1040.9100, -43.931
1040.9140, -44.673
1040.9180, -43.619
1040.9220, -44.050
1040.9260, -43.939
1040.9300, -44.047
1040.9340, -44.014
1040.9380, -43.890
1040.9420, -44.135
1040.9460, -43.806
1040.9500, -43.875
1040.9540, -43.797
1040.9580, -44.129
1040.9620, -44.535
1040.9660, -44.740
1040.9700, -43.775
1040.9740, -44.219
1040.9780, -44.370
1040.9820, -43.987
1040.9860, -44.340
1040.9900, -43.663
1040.9940, -44.311
1040.9980, -43.800
1041.0020, -43.858
1041.0060, -43.660
1041.0100, -44.505
1041.0140, -44.105
1041.0180, -44.331
1041.0220, -43.919
1041.0260, -44.245
1041.0300, -44.655
1041.0340, -44.065
1041.0380, -43.926
1041.0420, -44.018
1041.0460, -44.299
1041.0500, -44.338
1041.0540, -44.236
1041.0580, -44.318
1041.0620, -44.024
1041.0660, -43.588
1041.0700, -43.397
1041.0740, -43.714
1041.0780, -43.420
1041.0820, -43.460
1041.0860, -43.418
1041.0900, -44.133
1041.0940, -43.489
1041.0980, -43.441
1041.1020, -43.612
1041.1060, -43.325
1041.1100, -43.387
1041.1140, -43.779
1041.1180, -43.292
1041.1220, -43.374
1041.1260, -43.179
1041.1300, -43.304
1041.1340, -43.486
1041.1380, -43.116
1041.1420, -42.813
1041.1460, -42.925
1041.1500, -43.177
1041.1540, -42.745
1041.1580, -42.626
1041.1620, -42.566
1041.1660, -42.433
1041.1700, -43.209
1041.1740, -43.130
1041.1780, -42.928
1041.1820, -43.022
1041.1860, -43.048
1041.1900, -42.536
1041.1940, -42.637
1041.1980, -42.631
1041.2020, -42.381
1041.2060, -42.138
1041.2100, -42.648
1041.2140, -42.886
1041.2180, -42.577
1041.2220, -42.817
1041.2260, -42.674
1041.2300, -42.126
1041.2340, -42.804
1041.2380, -42.230
1041.2420, -42.456
1041.2460, -42.435
1041.2500, -42.367
1041.2540, -42.412
1041.2580, -42.390
1041.2620, -42.564
1041.2660, -42.788
1041.2700, -42.167
1041.2740, -42.574
1041.2780, -42.091
1041.2820, -42.196
1041.2860, -42.124
1041.2900, -42.294
1041.2940, -41.985
1041.2980, -42.146
1041.3020, -42.332
1041.3060, -42.288
1041.3100, -41.933
1041.3140, -41.812
1041.3180, -42.646
1041.3220, -41.894
1041.3260, -42.103
1041.3300, -42.032
1041.3340, -42.298
1041.3380, -42.194
1041.3420, -41.955
1041.3460, -42.046
1041.3500, -42.101
1041.3540, -41.985
1041.3580, -41.798
1041.3620, -41.931
1041.3660, -42.084
1041.3700, -42.179
1041.3740, -41.897
1041.3780, -42.014
1041.3820, -41.917
1041.3860, -41.842
1041.3900, -41.851
1041.3940, -42.008
1041.3980, -42.214
1041.4020, -42.071
1041.4060, -42.214
1041.4100, -42.218
1041.4140, -41.794
1041.4180, -42.193
1041.4220, -42.336
1041.4260, -42.470
1041.4300, -41.982
1041.4340, -42.169
1041.4380, -42.159
1041.4420, -41.797
1041.4460, -42.282
1041.4500, -42.187
1041.4540, -42.516
1041.4580, -42.871
1041.4620, -42.612
1041.4660, -42.740
1041.4700, -42.552
1041.4740, -42.557
1041.4780, -42.546
1041.4820, -42.365
1041.4860, -42.606
1041.4900, -42.546
1041.4940, -43.135
1041.4980, -42.092
1041.5020, -42.435
1041.5060, -42.798
1041.5100, -43.022
1041.5140, -43.094
1041.5180, -42.593
1041.5220, -43.084
1041.5260, -43.327
1041.5300, -42.735
1041.5340, -43.325
1041.5380, -43.143
1041.5420, -42.984
1041.5460, -43.304
1041.5500, -43.039
1041.5540, -42.945
1041.5580, -43.084
1041.5620, -42.910
1041.5660, -43.677
1041.5700, -43.194
1041.5740, -43.685
1041.5780, -43.733
1041.5820, -43.528
1041.5860, -44.082
1041.5900, -43.898
1041.5940, -44.091
1041.5980, -44.583
1041.6020, -43.761
1041.6060, -44.205
1041.6100, -44.076
1041.6140, -44.583
1041.6180, -44.458
1041.6220, -44.037
1041.6260, -44.502
1041.6300, -44.055
1041.6340, -44.617
1041.6380, -45.314
1041.6420, -44.648
1041.6460, -44.763
1041.6500, -44.707
1041.6540, -45.011
1041.6580, -45.541
1041.6620, -46.131
1041.6660, -45.129
1041.6700, -46.025
1041.6740, -45.950
1041.6780, -46.274
1041.6820, -45.964
1041.6860, -47.275
1041.6900, -46.011
1041.6940, -46.107
1041.6980, -46.214
1041.7020, -46.469
1041.7060, -47.247
1041.7100, -46.554
1041.7140, -46.829
1041.7180, -46.962
1041.7220, -48.943
1041.7260, -46.806
1041.7300, -47.703
1041.7340, -50.264
1041.7380, -49.777
1041.7420, -50.055
1041.7460, -50.971
1041.7500, -49.122
1041.7540, -48.173
1041.7580, -50.811
1041.7620, -49.280
1041.7660, -52.983
1041.7700, -49.811
1041.7740, -56.210
1041.7780, -54.449
1041.7820, -49.677
1041.7860, -51.763
1041.7900, -54.011
1041.7940, -54.162
1041.7980, -54.287
1041.8020, -54.482
1041.8060, -58.096
1041.8100, -53.102
1041.8140, -54.549
1041.8180,-210.000
1041.8220, -54.256
1041.8260,-210.000
1041.8300,-210.000
1041.8340,-210.000
1041.8380,-210.000
1041.8420,-210.000
1041.8460,-210.000
1041.8500,-210.000
1041.8540,-210.000
1041.8580,-210.000
1041.8620,-210.000
1041.8660,-210.000
1041.8700,-210.000
1041.8740,-210.000
1041.8780,-210.000
1041.8820,-210.000
1041.8860,-210.000
1041.8900,-210.000
1041.8940,-210.000
1041.8980,-210.000
1041.9020,-210.000
1041.9060,-210.000
1041.9100,-210.000
1041.9140,-210.000
1041.9180,-210.000
1041.9220,-210.000
1041.9260,-210.000
1041.9300,-210.000
1041.9340,-210.000
1041.9380,-210.000
1041.9420,-210.000
1041.9460,-210.000
1041.9500,-210.000
1041.9540,-210.000
1041.9580,-210.000
1041.9620,-210.000
1041.9660,-210.000
1041.9700,-210.000
1041.9740,-210.000
1041.9780,-210.000
1041.9820,-210.000
1041.9860,-210.000
1041.9900,-210.000
1041.9940,-210.000
1041.9980,-210.000
1042.0020,-210.000
1042.0060,-210.000
1042.0100,-210.000
1042.0140,-210.000
1042.0180,-210.000
1042.0220,-210.000
1042.0260,-210.000
1042.0300,-210.000
1042.0340,-210.000
1042.0380,-210.000
1042.0420,-210.000
1042.0460,-210.000
1042.0500,-210.000
1042.0540,-210.000
1042.0580,-210.000
1042.0620,-210.000
1042.0660,-210.000
1042.0700,-210.000
1042.0740,-210.000
1042.0780, -57.741
1042.0820,-210.000
1042.0860, -58.762
1042.0900,-210.000
1042.0940,-210.000
1042.0980, -57.213
1042.1020, -63.904
1042.1060,-210.000
1042.1100, -67.213
1042.1140,-210.000
1042.1180,-210.000
1042.1220, -53.623
1042.1260, -54.695
1042.1300, -53.334
1042.1340, -56.743
1042.1380, -63.360
1042.1420, -52.854
1042.1460, -58.589
1042.1500, -55.057
"CTRWL",1037.15
"SPAN",  10.0
"START WL",1032.15
"STOP WL",1042.15
"WLFREQ", 0
"REFL",-14.6
"LSCL",10.0
"RESLN", 0.02
"AVG",   1
"SMPLAUTO", 1
"SMPL",2501
"NR_HLD"
"LBL","                                                  "
"MEAS"
"LSUNT",0
"NMSKV","OFF"
"RESCOR",1
                                                                                                                                                                                                                                                                                                                                                                                                                                                                                                                                                                                                                                                                                                                                                                                                                                                              